


autoencoder Metrics: Random State ==0
Precision: 0.8730413820811571
Recall: 0.8730413820811571
Accuracy: 0.8482745686421606
f_one_score: 0.8430649854510184
Cohen: 1
true_negative_rate: 0.881470367591898
Made in 4498.040922164917 seconds
confusion_matrix6519|948
1479|7050
